# oST version 5.0 parameters


[image]

width
640

height
360

[ardrone_base_bottomcam]

camera matrix
789.450299 0.000000 266.652233
0.000000 789.566936 200.150388
0.000000 0.000000 1.000000

distortion
0.107605 0.096525 0.003382 -0.011977 0.000000

rectification
1.000000 0.000000 0.000000
0.000000 1.000000 0.000000
0.000000 0.000000 1.000000

projection
807.034729 0.000000 263.850251 0.000000
0.000000 808.452881 200.002847 0.000000
0.000000 0.000000 1.000000 0.000000
