# oST version 5.0 parameters
[image]

width
640

height
360

[ardrone_base_frontcam]

camera matrix
596.327106 0.000000 313.409988
0.000000 594.567178 181.139941
0.000000 0.000000 1.000000

distortion
-0.542163 0.374050 0.003105 0.009959 0.000000

rectification
1.000000 0.000000 0.000000
0.000000 1.000000 0.000000
0.000000 0.000000 1.000000

projection
500.917542 0.000000 320.314744 0.000000
0.000000 562.533020 181.387941 0.000000
0.000000 0.000000 1.000000 0.000000
